43.0
26.0
135.0
6.0
8.0
33.0
52.0
10.0
5.0
64.0
8.0
52.0
7.0
9.0
53.0
14.0
21.0
13.0
17.0
10.0
16.0
12.0
15.0
5.0
14.0
9.0
11.0
21.0
18.0
16.0
19.0
14.0
16.0
12.0
18.0
65.0
56.0
41.0
74.0
77.0
70.0
71.0
48.0
81.0
82.0
43.0
59.0
100.0
67.0
105.0
65.0
83.0
104.0
88.0
44.0
78.0
21.0
3.0
11.0
34.0
42.0
34.0
11.0
12.0
23.0
13.0
12.0
9.0
3.0
3.0
16.0
15.0
6.0
4.0
6.0
83.0
72.0
25.0
17.0
42.0
74.0
74.0
96.0
50.0
98.0
76.0
59.0
5.0
16.0
32.0
212.0
227.0
342.0
469.0
252.0
452.0
211.0
488.0
215.0
9.0
9.0
9.0
9.0
9.0
9.0
5.0
13.0
8.0
20.0
7.0
41.0
6.0
19.0
108.0
8.0
200.0
225.0
8.0
56.0
16.0
6.0
32.0
3.0
32.0
1.0
4.0
3.0
6.0
11.0
1.0
15.0
10.0
108.0
13.0
12.0
12.0
15.0
8.0
12.0
24.0
150.0
32.0
150.0
6.0
72.0
24.0
48.0
37.0
10.0
30.0
100.0
3.0
2.0
49.0
2.0
24.0
16.0
35.0
18.0
56.0
45.0
28.0
24.0
56.0
252.0
156.0
182.0
84.0
203.0
341.0
275.0
2208.0
3.0
108.0
2016.0
480.0
144.0
432.0
12.0
8.0
10.0
5.0
7.0
18.0
15.0
14.0
32.0
5.0
2.0
7.0
5.0
6.0
4.0
5.0
4.0
7.0
16.0
18.0
14.0
18.0
22.0
20.0
7.0
21.0
15.0
11.5
1.84
11.9
3.07
9.0
6.65
1.9
1.22
9.43
151.0
12.3
23.86
21.95
10.46
19.02
21.93
34.72
33.56
158.35
35.52
18.42
36.78
20.52
5.98
2.51
0.26
1.37
4.05
14696.0
7790.0
8564.0
11687.0
6755.0
9844.0
7092.0
118558.0
48781.0
27004.0
14720.0
65057.0
67082.0
106491.0
50870.0
111421.0
65134.0
971639.0
19766.0
574.0
3120.0
6279.0
36.78
29.0
286.0
41.0
2.0
180.0
50.0
15.0
28.0
35.0
1.0
39.0
67.0
118.0
4.0
224.0
14.0
9.0
90.0
74.0
12.0
13.0
55.0
9.0
32.0
160.0
20.0
100.0
29.0
4.0
180.0
0.5
0.5
0.6666666667
0.3333333333
0.25
0.625
0.125
0.1
0.6666666667
0.25
0.6
0.1666666667
0.8
0.9
0.8333333333
0.6
0.2
0.375
0.6
0.2
0.625
0.7
0.625
0.125
0.6
0.875
0.5
0.3333333333
0.3333333333
0.1
0.9
0.3
0.75
0.375
0.1
0.7
0.4
0.625
0.3
0.25
0.7
0.6666666667
0.875
0.9166666667
0.8888888889
0.4166666667
0.8333333333
0.75
0.75
0.8333333333
0.6666666667
0.8
0.8333333333
0.75
0.7
0.8888888889
0.5
0.9166666667
0.75
0.6666666667
0.8333333333
1.3333333333
5.6666666667
3.6666666667
6.5
15.1
9.8
3.25
9.8
5.3333333333
10.3333333333
6.5
18.8
1.3333333333
1.8333333333
3.5
2.75
1.3333333333
4.3333333333
14.75
10.6666666667
0.2
9.8
0.08
0.5
14.02
0.46
9.12
0.31
0.2
0.53
0.09
14.02
0.6
4.6
1.22
0.52
12.7
1.7
7.26
6.6
703.0
84.0
6003.0
168.0
8484.0
629.0
504.0
488.0
14280.0
360.0
498.0
2916.0
308.0
984.0
140.0
2268.0
6538.0
3824.0
441.0
198.0
10.0
7.0
8.0
9.0
60.0
6.0
4.0
20.0
7.0
9.0
7.0
10.0
8.0
7.0
8.0
9.0
7.0
11.0
10.0
12.0
6.0
7.0
6.0
7.0
9.0
8.0
4.0
323.0
48.0
1110.0
220.0
12.0
135.0
133.0
688.0
426.0
162.0
13.0
326.0
45.0
2289.0
78.0
99.0
776.0
3343.0
208.0
208.0
128.0
498.0
486.0
0.72
4.62
9.0
12.0
1250.0
134.0
8243.0
1.2
3264.0
3750.0
360.0
372.0
5.0
7827.0
204.0
75.0
39.0
48.0
296.0
242.0
18.0
66018.0
6.0
1.25
7.0
5.0
68.0
2.5
26.0
21.0
432.0
120.0
280.0
68.0
159.0
121.0
273.0
28.0
218.0
1035.0
42.0
178.0
20000.0
7750.0
5.0
68.25
50.0
2400000.0
7.0
17.0
5.0
14.0
9.0
8.0
15.0
7.0
11.0
16.0
7.0
13.0
14.0
8.0
11.0
13.0
4.0
14.0
9.0
11.0
15.0
8.0
12.0
79.0
95.0
97.0
85.0
62.0
54.0
101.0
79.0
91.0
28.0
54.0
47.0
93.0
31.0
106.0
18.0
84.0
27.0
57.0
65.0
70.0
40.0
15.0
43.0
99.0
81.0
71.0
105.0
152.0
179.0
69.0
41.0
83.0
23.0
40.0
15.0
5.0
35.0
93.0
18.0
42.0
52.0
20.0
75.0
80.0
92.0
51.0
53.0
15.0
84.0
58.0
77.0
87.0
36.0
71.0
10.0
11.0
50.0
61.0
8.0
3.0
42.0
37.0
17.0
10.0
4.0
26.0
51.0
2.0
29.0
47.0
18.0
18.0
43.0
4.0
73.0
84.0
37.0
34.0
90.0
45.0
15.0
29.0
92.0
26.0
85.0
56.0
81.0
25.0
38.0
43.0
67.0
3.0
11.0
83.0
7.0
74.0
29.0
6.0
12.0
12.0
20.0
36.0
25.0
35.0
48.0
18.0
45.0
12.0
45.0
36.0
16.0
49.0
56.0
54.0
24.0
27.0
18.0
21.0
20.0
25.0
12.0
21.0
7.0
8.0
3.0
9.0
9.0
5.0
6.0
9.0
1.0
6.0
3.0
7.0
8.0
1.0
8.0
8.0
7.0
1.0
4.0
3.0
8.0
4.0
6.0
6.0
6.0
5.0
2.0
5.0
6.0
3.0
3.0
5.0
5.0
94.0
80.0
1.0
1.0
1.0
1.0
2.0
3.0
3.0
3.0
2.0
3.0
5.0
5.0
3.0
4.0
5.0
9.0
9.0
9.0
15.0
43.0
17.0
93.0
43.0
13.0
17.0
9.0
10.0
12.0
8.0
6.0
12.0
12.0
14.0
9.0
9.0
67.0
81.0
42.0
53.0
84.0
15.0
104.0
58.0
70.0
5.0
13.0
20.0
2.0
5.0
15.0
0.0
82.0
87.0
19.0
13.0
78.0
12.0
21.0
45.0
15.0
40.0
5.0
3.0
8.0
8.0
4.0
7.0
4.0
5.0
9.0
4.0
86.0
6.0
6.0
15.0
2.0
10.0
5.0
15.0
2.0
6.0
8.0
8.0
2.0
10.0
2.0
5.0
2.0
24.0
7.0
2.0
5.0
4.0
7.0
4.0
5.0
5.0
5.0
5.0
8.0
5.0
8.0
8.0
1.25
2.0
5.0
5.0
5.0
8.0
5.0
8.0
10.0
10.0
1.0
2.0
6.0
4.0
12.0
3.0
2.0
5.0
1.0
3.0
2.0
38.0
12.0
15.0
6.0
4.0
16.0
15.0
11.0
7.0
18.0
15.0
7.0
28.0
22.0
38.0
929.0
62.0
113.0
616.0
803.0
700.0
20.0
35.0
33.0
40.0
43.0
32.0
60.0
77.0
9.0
20.0
37.0
17.0
24.0
22.0
31.0
69.0
6.0
79.0
31.0
11.0
66.0
14.0
9.0
6.0
23.0
17.0
32.0
13.0
22.0
42.0
50.0
34.0
35.0
13.0
79.0
7.0
13.0
63.0
97.0
95.0
120.0
26.0
64.0
26.0
36.0
55.0
244.0
152.0
17.0
53.0
61.0
49.0
38.0
111.0
28.0
51.0
77.0
88.0
32.0
53.0
15.0
143.0
105.0
39.0
131.0
13.0
64.0
62.0
22.0
23.0
30.0
9.0
6.0
9.0
48.0
48.0
198.0
61.0
46.0
300.0
10.0
24.0
21.0
21.0
165.0
5.0
25.0
20.0
2.0
15.0
50.0
59.0
30.0
345.0
217.0
2327.0
81.0
14.0
13.0
16.0
22.0
62.0
95.0
63.0
18.0
4764.0
703.0
2448.0
432.0
84.0
780.0
45552.0
5.0
6003.0
168.0
8484.0
2250.0
11676.0
629.0
17408.0
20.0
40.0
3.0
3000.0
6.0
13.0
96.0
30.0
15.0
60.0
100.0
28.0
5.0
1200.0
3.33333
400.0
135.0
21.0
20.0
12.0
29.0
4.0
63.0
48.0
220.0
12.0
133.0
426.0
162.0
13.0
326.0
45.0
2289.0
99.0
776.0
3343.0
208.0
128.0
486.0
0.72
4.62
12.0
1250.0
8243.0
1.2
3264.0
360.0
372.0
204.0
75.0
39.0
296.0
18.0
66018.0
30.0
1.25
68.0
432.0
120.0
280.0
68.0
243.0
121.0
273.0
218.0
1035.0
180.0
70.0
180.0
372.0
1980.0
2016.0
4.0
12.0
9.0
14.0
25.0
32.0
300.0
440.0
63.0
60.0
100.0
264.0
46.0
88.0
280.0
16.0
45.0
6175.0
32.0
265.0
91.0
2063.0
1380.0
1780.0
73.0
28.0
493.0
3395.0
690.0
84.0
343.0
416.0
448.0
310.0
1677.0
744.0
159.7
812.0
0.875
0.8
0.375
1.0
1.75
4.25
0.3
141.5
7.5
43.0
26.0
6.0
8.0
33.0
52.0
10.0
13.0
17.0
10.0
16.0
12.0
15.0
5.0
14.0
9.0
11.0
21.0
18.0
16.0
19.0
14.0
16.0
12.0
18.0
67.0
65.0
51.0
25.0
56.0
41.0
74.0
58.0
55.0
47.0
47.0
60.0
63.0
89.0
77.0
70.0
71.0
48.0
81.0
82.0
43.0
59.0
100.0
67.0
105.0
65.0
83.0
104.0
88.0
44.0
78.0
21.0
11.0
34.0
42.0
34.0
11.0
12.0
23.0
13.0
12.0
9.0
3.0
16.0
15.0
6.0
4.0
6.0
83.0
72.0
17.0
42.0
74.0
74.0
96.0
50.0
98.0
76.0
59.0
5.0
16.0
212.0
227.0
342.0
252.0
452.0
211.0
488.0
215.0
1.0
4.0
3.0
6.0
11.0
1.0
13.0
12.0
15.0
12.0
10.0
3.0
2.0
5.0
7.0
5.0
6.0
4.0
5.0
7.0
16.0
14.0
18.0
22.0
20.0
7.0
21.0
15.0
9.43
151.0
12.3
21.95
10.46
19.02
21.93
34.72
33.56
158.35
35.52
20.52
14696.0
7790.0
8564.0
11687.0
6755.0
9844.0
7092.0
118558.0
48781.0
27004.0
14720.0
64013.0
67082.0
106491.0
50870.0
111421.0
65134.0
971639.0
19766.0
574.0
3120.0
6279.0
1460.0
5703.0
8317.0
1232.0
523.0
5855.0
2515.0
6029.0
5935.0
6699.0
3220.0
3731.0
5110.0
1792.0
2713.0
4133.0
2454.0
0.5
0.5
0.6666666667
0.3333333333
0.25
0.625
0.125
0.1
0.6666666667
0.25
0.6
0.1666666667
0.8
0.9
0.8333333333
0.6
0.2
0.375
0.6
0.2
0.625
0.7
0.625
0.125
0.6
0.875
0.5
0.3333333333
0.3333333333
0.1
0.9
0.3
0.75
0.375
0.1
0.7
0.4
0.625
0.3
0.25
0.7
0.6666666667
0.875
0.9166666667
0.8888888889
0.4166666667
0.8333333333
0.75
0.75
0.8333333333
0.6666666667
0.8
0.8333333333
0.75
0.7
0.8888888889
0.5
0.9166666667
0.75
0.6666666667
0.8333333333
1.3333333333
5.6666666667
3.6666666667
6.5
15.1
9.8
3.25
9.8
5.3333333333
10.3333333333
6.5
18.8
1.3333333333
1.8333333333
3.5
2.75
1.3333333333
4.3333333333
14.75
10.6666666667
0.2
9.8
0.08
0.5
14.02
0.46
9.12
0.31
0.2
0.53
0.09
14.02
0.6
4.6
1.22
0.52
12.7
1.7
7.26
6.6
36.0
40.0
15.0
9.0
60.0
63.0
14.0
53.0
12.0
61.0
82.0
98.0
57.0
507.0
270.0
227.0
562.0
242.0
559.0
469.0
217.0
512.0
6.0
4.0
4.0
4.0
5.0
4.0
3.0
4.0
4.0
2.0
12.0
7.0
8.0
18.0
23.0
29.0
11.0
12.0
23.86
26.3
25.31
141.54
19.02
5.88
224.87
18.66
42.33
163.28
22.58
24.81
387.85
25.62
58.0
14.0
5.0
63.0
64.0
6.0
37.0
44.0
9.0
7.0
17.0
11.0
7.0
15.0
12.0
12.0
13.0
8.0
16.0
16.0
16.0
17.0
18.0
24.0
21.0
15.0
18.0
20.0
50.0
48.0
52.0
37.0
35.0
56.0
55.0
48.0
54.0
63.0
79.0
84.0
39.0
117.0
109.0
72.0
100.0
103.0
47.0
11.0
71.0
46.0
16.0
63.0
13.0
66.0
4.0
5.0
7.0
14.0
9.0
4.0
4.0
11.0
12.0
20.0
27.0
77.0
57.0
39.0
8.0
2.0
40.0
3.0
7.0
19.0
2.0
11.0
1.0
66.0
9.0
22.0
2.0
15.0
2.0
14.0
86.0
50.0
25.0
4.0
68.0
6.0
19.0
55.0
34.0
12.0
16.0
73.0
17.0
18.0
41.0
7.0
36.0
63.0
13.0
56.0
15.0
5.0
24.0
15.0
14.0
1.0
1.0
11.0
35.0
16.0
4.0
7.0
54.0
15.0
14.0
1.0
1.0
11.0
35.0
16.0
4.0
7.0
54.0
4.0
33.0
23.0
9.0
24.0
28.0
15.0
8.0
47.0
51.0
53.0
20.0
31.0
22.0
39.0
14.0
15.0
30.0
34.0
50.0
16.0
7.0
19.0
5.0
7.0
45.0
21.0
58.0
19.0
2.0
8.0
26.0
59.0
9.0
23.0
3.0
40.0
32.0
34.0
35.0
49.0
62.0
24.0
48.0
61.0
40.0
20.0
10.0
41.0
6.0
51.0
33.0
52.0
27.0
26.0
29.0
26.0
8.0
56.0
17.0
50.0
25.0
79.0
10.0
49.0
52.0
74.0
11.0
30.0
25.0
59.0
57.0
49.0
60.0
45.0
10.0
46.0
60.0
37.0
32.0
13.0
35.0
50.0
38.0
33.0
35.0
40.0
10.0
58.0
45.0
43.0
51.0
63.0
11.0
19.0
18.0
32.0
9.0
54.0
61.0
71.0
38.0
70.0
31.0
64.0
39.0
27.0
24.0
34.0
11.0
60.0
47.0
28.0
31.0
67.0
37.0
59.0
41.0
22.0
46.0
58.0
41.0
58.0
23.0
31.0
56.0
23.0
16.0
28.0
47.0
33.0
36.0
9.0
43.0
26.0
34.0
36.0
41.0
29.0
11.0
50.0
32.0
90.0
12.0
30.0
35.0
63.0
90.0
48.0
72.0
49.0
36.0
80.0
21.0
72.0
50.0
32.0
30.0
64.0
90.0
56.0
72.0
24.0
48.0
30.0
60.0
42.0
45.0
15.0
72.0
64.0
70.0
60.0
54.0
32.0
32.0
48.0
70.0
63.0
56.0
21.0
48.0
24.0
32.0
63.0
54.0
72.0
18.0
30.0
27.0
80.0
12.0
28.0
72.0
60.0
56.0
32.0
72.0
90.0
63.0
60.0
72.0
42.0
32.0
63.0
48.0
24.0
70.0
36.0
40.0
48.0
80.0
40.0
80.0
40.0
40.0
72.0
20.0
81.0
64.0
21.0
35.0
40.0
60.0
63.0
60.0
48.0
48.0
30.0
30.0
30.0
32.0
30.0
40.0
40.0
54.0
48.0
72.0
27.0
72.0
8.0
8.0
6.0
6.0
9.0
9.0
7.0
4.0
4.0
6.0
8.0
4.0
9.0
7.0
3.0
2.0
8.0
9.0
2.0
2.0
7.0
8.0
6.0
4.0
2.0
7.0
2.0
5.0
3.0
8.0
8.0
8.0
3.0
9.0
9.0
4.0
2.0
9.0
2.0
6.0
4.0
3.0
5.0
4.0
2.0
5.0
9.0
9.0
7.0
5.0
4.0
3.0
5.0
4.0
2.0
5.0
9.0
9.0
7.0
5.0
9.0
5.0
5.0
9.0
5.0
4.0
2.0
8.0
5.0
5.0
8.0
3.0
2.0
2.0
6.0
6.0
9.0
2.0
5.0
6.0
3.0
2.0
9.0
5.0
9.0
4.0
9.0
3.0
8.0
6.0
3.0
6.0
9.0
8.0
4.0
3.0
9.0
6.0
2.0
9.0
36.0
45.0
42.0
30.0
25.0
18.0
16.0
12.0
45.0
9.0
54.0
15.0
72.0
72.0
72.0
20.0
36.0
64.0
56.0
49.0
15.0
27.0
63.0
42.0
16.0
24.0
10.0
54.0
4.0
36.0
18.0
81.0
21.0
10.0
32.0
20.0
15.0
16.0
40.0
45.0
6.0
45.0
18.0
24.0
36.0
28.0
20.0
12.0
35.0
32.0
48.0
45.0
72.0
30.0
64.0
24.0
40.0
63.0
32.0
32.0
14.0
36.0
35.0
42.0
20.0
16.0
16.0
24.0
63.0
35.0
48.0
45.0
18.0
10.0
24.0
27.0
27.0
18.0
12.0
32.0
56.0
30.0
30.0
72.0
27.0
72.0
21.0
56.0
30.0
6.0
63.0
63.0
12.0
30.0
36.0
14.0
54.0
15.0
6.0
72.0
5.0
3.0
6.0
8.0
5.0
9.0
7.0
8.0
6.0
9.0
5.0
9.0
3.0
8.0
5.0
6.0
2.0
7.0
8.0
7.0
9.0
9.0
9.0
2.0
4.0
7.0
7.0
4.0
2.0
8.0
6.0
2.0
8.0
8.0
4.0
5.0
7.0
6.0
9.0
6.0
9.0
6.0
3.0
5.0
5.0
6.0
9.0
3.0
8.0
4.0
3.0
7.0
3.0
4.0
2.0
4.0
2.0
7.0
9.0
9.0
3.0
6.0
5.0
8.0
9.0
8.0
2.0
6.0
7.0
6.0
5.0
2.0
5.0
3.0
3.0
3.0
9.0
2.0
3.0
5.0
2.0
5.0
3.0
7.0
2.0
4.0
8.0
7.0
4.0
9.0
7.0
4.0
9.0
9.0
9.0
3.0
3.0
7.0
3.0
2.0
